12.74
13.59
12.08
18.28
17.68
17.40
17.65
15.93
14.35
13.08
13.34
14.90
15.06
14.18
13.79
17.83
18.63
18.29
17.18
16.64
16.29
14.72
15.44
16.47
15.45
15.35
15.15
13.18
13.32
14.61
14.83
15.69
17.03
17.69
19.20
19.41
19.82
20.90
21.73
18.25
17.18
17.55
17.51
17.44
18.32
18.40
18.31
19.72
19.96
19.25
19.87
15.11
15.29
15.24
15.85
16.61
16.63
16.03
14.74
15.30
15.24
16.14
16.29
12.72
13.38
12.77
13.10
13.67
14.11
13.91
14.62
15.12
15.83
15.95
15.57
15.04
15.36
15.60
16.57
17.65
18.12
21.18
24.26
22.15
21.07
17.76
18.34
14.03
15.50
14.76
13.43
13.81
12.77
10.72
8.27
8.22
8.52
7.80
7.61
11.24
12.94
15.15
15.25
17.07
16.70
18.42
19.46
19.52
19.57
18.00
18.39
16.65
16.59
15.53
15.93
16.18
15.80
16.77
17.04
16.94
17.06
17.37
17.15
12.58
12.68
12.66
12.17
12.19
11.37
9.61
10.82
9.80
10.16
11.25
11.62
10.51
9.98
8.81
9.30
9.47
9.33
9.95
10.33
10.52
10.86
11.38
10.88
10.80
11.01
10.83
10.11
10.64
10.55
11.19
11.35
11.69
11.43
10.81
10.98
10.34
10.33
10.76
10.78
11.51
11.53
10.80
11.30
11.29
11.01
11.42
10.80
10.61
11.99
11.53
10.83
10.15
8.94
8.51
9.26
9.01
8.86
8.01
7.90
10.15
10.30
10.28
10.32
10.86
11.42
11.57
11.39
11.32
10.86
11.52
12.75
13.81
14.22
14.75
14.46
15.01
15.36
14.90
15.27
15.68
16.01
17.58
15.37
13.39
13.30
13.22
12.21
12.05
11.76
11.59
10.42
11.06
10.81
11.64
11.93
11.56
11.47
10.39
11.02
11.02
10.28
9.94
10.61
10.39
11.25
10.51
10.86
9.46
9.95
9.27
10.27
10.34
10.62
10.92
11.37
12.42
13.96
14.55
15.55
16.52
16.40
17.34
17.64
16.06
16.01
15.96
16.48
15.25
15.25
15.65
13.68
13.06
11.64
11.79
12.09
11.14
11.03
9.69
8.26
10.46
11.26
12.32
11.08
12.20
12.07
11.02
11.55
12.26
11.22
10.87
10.31
10.27
10.58
9.61
10.19
9.45
10.20
10.58
10.26
10.05
10.42
12.32
11.83
11.31
11.75
11.86
13.25
11.76
11.20
11.58
12.13
12.45
12.60
13.66
13.17
13.15
13.21
14.10
13.65
13.52
14.08
13.68
12.68
14.33
14.16
14.09
