11.56
12.15
12.03
11.79
12.08
13.23
13.10
13.65
13.75
13.56
13.40
13.19
12.90
11.41
11.60
11.05
10.28
10.42
17.79
18.66
19.32
19.23
17.14
17.45
17.23
17.60
17.36
18.24
17.31
17.40
17.23
17.40
16.88
16.47
16.31
15.87
15.22
15.20
14.37
14.35
13.44
12.49
11.56
12.88
13.58
13.58
12.99
13.75
13.49
14.05
14.95
14.99
14.90
15.63
15.15
14.74
15.10
15.46
14.76
14.50
14.24
14.13
13.91
14.49
14.10
13.71
14.78
14.75
14.29
14.51
17.75
17.56
18.44
18.66
19.12
18.87
19.40
18.84
18.29
18.26
17.73
17.14
17.15
17.69
17.44
16.91
16.00
16.19
16.23
16.64
16.60
16.28
16.00
15.89
15.35
15.30
14.69
14.55
15.60
15.78
15.39
15.98
16.13
16.46
16.47
16.10
15.70
15.54
15.24
15.89
16.11
15.94
15.68
15.35
15.18
15.27
15.35
15.15
14.79
14.87
15.24
14.72
13.47
13.20
13.10
12.84
13.46
13.88
13.89
14.22
14.50
14.70
14.94
15.05
14.64
14.92
15.35
15.70
15.39
15.87
15.40
16.14
16.66
16.89
17.45
17.00
17.13
17.63
18.29
18.80
18.97
18.49
19.20
19.24
19.22
18.65
19.40
19.19
19.62
19.28
19.41
20.18
21.10
20.75
21.67
20.94
21.40
22.09
22.30
22.36
21.01
20.19
19.97
19.49
18.32
18.58
17.93
17.82
17.18
17.13
16.22
16.65
17.43
17.30
17.84
17.06
17.53
17.42
17.39
17.19
17.61
17.44
17.84
17.67
17.69
18.32
18.46
18.54
18.85
18.63
18.40
18.57
18.32
18.25
18.31
18.87
19.28
19.28
19.43
19.93
19.50
19.63
19.91
19.96
19.04
18.93
18.91
19.15
19.06
19.42
19.76
19.86
19.22
19.44
19.36
19.03
15.08
15.28
15.25
15.31
15.55
15.44
15.26
15.10
15.09
15.19
15.31
15.29
15.64
15.85
15.59
16.19
16.50
16.61
16.69
17.13
16.68
16.61
16.99
16.92
16.72
16.90
16.03
15.43
15.05
15.05
14.77
14.94
15.10
15.25
15.45
15.57
15.27
15.39
15.55
15.24
15.65
16.10
15.97
16.06
15.82
15.82
15.87
16.26
16.17
15.81
16.17
16.08
12.72
13.26
13.22
13.61
13.41
13.50
13.41
12.94
12.61
12.99
12.76
12.93
12.90
13.10
13.25
12.99
13.26
13.65
13.60
13.89
13.96
13.66
14.14
13.91
13.98
14.27
14.23
14.14
14.21
14.31
14.50
14.96
15.07
15.30
15.37
14.90
14.94
15.24
15.41
15.92
15.75
15.29
15.84
15.81
16.31
16.40
16.32
16.43
15.40
15.16
15.02
15.60
15.69
15.34
15.44
15.61
15.58
15.75
15.47
15.80
15.51
15.58
15.51
15.89
16.63
16.46
16.85
17.28
17.42
16.88
17.16
16.59
15.52
17.45
18.12
18.12
18.81
19.53
20.51
20.90
21.66
22.13
22.84
23.58
22.27
21.37
20.54
22.15
22.30
21.31
21.36
21.17
20.85
20.35
19.09
19.03
18.27
17.77
18.28
17.65
18.34
16.96
16.76
15.91
17.55
14.90
15.15
14.86
15.67
15.79
15.08
15.42
14.87
14.76
14.50
13.43
13.52
13.10
13.02
13.48
13.29
13.82
13.89
13.30
12.86
12.39
12.77
11.97
11.62
11.61
11.22
10.52
8.80
8.66
7.51
8.27
8.43
8.02
7.49
8.22
8.20
8.74
8.95
8.40
8.91
8.51
7.85
7.45
7.80
8.02
7.96
7.46
7.61
7.08
7.44
7.62
8.39
12.04
12.34
12.92
12.63
12.94
14.50
14.00
14.23
15.15
15.57
15.75
14.94
15.51
15.10
14.69
15.60
16.58
17.07
16.91
17.34
16.76
16.68
17.20
17.92
18.31
17.80
17.91
18.90
19.28
19.86
19.46
19.53
20.18
20.09
18.91
20.13
19.59
18.94
19.25
19.57
19.95
19.37
18.54
18.00
17.59
18.13
17.80
18.39
18.55
18.93
19.07
18.79
16.88
17.41
17.14
16.65
16.59
15.66
15.83
15.36
15.54
15.54
15.61
15.94
16.26
15.75
16.13
16.03
16.47
16.18
16.68
16.21
16.14
15.85
16.13
16.35
16.90
17.02
16.77
17.21
17.82
17.64
17.04
18.35
17.87
17.42
16.88
17.17
17.05
16.72
16.81
17.06
17.54
17.98
17.68
17.49
17.71
16.91
17.48
17.05
17.20
17.09
16.39
17.02
12.73
13.04
12.84
12.91
12.68
12.38
12.44
12.40
12.36
12.27
11.98
11.60
11.85
12.17
12.35
11.89
12.20
12.19
11.38
10.66
10.54
10.64
11.19
11.00
10.77
9.78
9.61
9.67
10.11
9.85
10.94
10.81
10.42
10.07
9.64
10.37
10.13
9.96
10.15
10.16
10.25
10.58
11.08
11.30
11.45
11.47
11.86
11.81
11.56
11.30
11.43
11.08
10.51
10.53
10.58
10.74
10.60
9.98
9.45
8.97
8.85
8.78
8.75
9.10
8.98
9.30
9.47
9.13
9.40
9.22
9.41
9.63
9.62
9.51
9.33
9.48
9.88
9.93
9.95
10.03
10.09
10.29
10.29
10.55
10.21
10.10
10.46
10.52
10.60
10.79
10.75
10.82
11.18
11.15
11.31
11.30
11.38
11.13
11.24
10.93
10.81
10.91
10.65
10.45
10.80
10.52
10.70
10.66
10.92
10.99
11.29
11.18
10.95
10.83
10.43
10.14
9.80
10.11
10.13
10.34
10.38
10.68
10.79
10.60
10.95
10.63
10.55
10.98
11.12
11.41
11.27
11.33
11.37
11.43
11.11
11.37
11.12
11.26
11.59
11.69
11.62
11.38
11.17
11.38
11.19
11.20
11.35
11.01
10.81
10.61
10.94
11.07
10.98
10.90
10.36
10.31
10.61
10.51
10.74
10.62
10.37
10.39
10.20
10.60
10.72
10.76
10.70
10.87
10.81
10.83
10.95
10.80
10.90
11.26
11.41
11.31
11.60
11.68
11.53
11.76
11.46
11.33
11.03
10.86
10.87
10.84
10.97
11.30
11.09
11.34
11.04
11.29
11.30
10.94
10.88
10.99
11.13
11.27
11.24
11.59
11.42
11.50
11.50
11.57
10.80
10.51
10.36
10.61
10.65
10.77
11.62
11.78
11.96
11.99
11.75
11.86
11.93
11.53
11.46
11.47
11.25
11.21
10.75
10.27
10.49
10.37
10.15
10.12
9.88
9.23
8.90
8.60
8.87
9.04
8.74
8.78
9.17
9.42
9.45
9.26
9.35
9.16
9.31
9.03
9.11
8.79
8.91
9.07
8.86
8.27
7.89
7.72
8.01
7.85
7.46
7.85
7.88
8.34
8.35
8.54
8.41
10.01
9.95
10.41
10.49
10.30
9.83
9.64
9.71
10.06
10.35
10.39
9.96
10.01
10.32
10.21
10.75
10.90
10.86
10.99
11.29
11.38
11.37
11.56
11.98
11.60
11.77
11.57
11.85
11.54
11.61
11.40
11.25
11.19
11.10
11.29
11.21
11.31
10.94
10.72
10.86
11.11
11.32
11.30
11.52
11.41
11.63
11.85
11.82
12.65
12.66
13.06
13.08
13.81
13.90
13.90
13.77
14.22
14.14
14.53
14.54
14.81
14.90
14.96
14.73
14.76
14.46
14.22
14.81
14.99
15.14
15.14
14.77
14.86
15.30
15.35
15.19
15.27
15.31
14.90
15.39
15.40
15.40
15.38
15.46
15.74
15.79
16.15
15.62
15.39
15.50
15.90
16.01
16.49
16.81
17.26
17.74
17.43
15.77
16.63
16.71
15.24
15.45
15.70
15.10
13.39
13.39
13.39
13.39
13.47
12.92
13.44
13.40
13.20
13.23
13.43
13.15
12.73
12.21
12.29
12.38
12.25
12.50
11.67
11.96
11.47
11.67
11.76
11.37
11.50
11.78
11.59
11.08
10.76
10.66
10.31
11.05
10.68
10.92
10.82
11.06
11.19
11.19
10.75
10.64
10.72
11.15
11.33
11.53
11.64
11.65
11.63
12.01
12.01
12.01
12.01
12.01
11.56
11.91
11.90
11.92
11.78
11.62
11.03
10.79
10.56
10.39
10.41
10.47
11.00
11.02
11.02
11.02
11.02
11.02
10.76
10.37
10.29
10.47
10.28
10.17
10.42
10.07
9.89
9.84
10.02
10.18
10.16
10.33
10.54
10.03
10.13
10.39
10.01
10.46
10.53
10.66
11.35
11.43
11.60
11.15
10.51
10.95
11.11
10.91
10.86
10.80
9.93
9.42
9.70
9.52
9.96
9.99
9.77
9.95
9.78
9.61
9.26
9.27
10.00
9.81
9.95
9.91
10.67
10.82
10.55
10.39
10.34
10.31
10.59
10.56
10.69
10.41
10.33
10.31
9.80
10.92
11.23
11.35
11.60
11.37
12.13
12.34
12.48
12.68
12.55
12.39
12.39
12.34
13.96
14.29
14.65
15.10
14.55
15.07
15.52
15.76
15.55
15.55
15.36
15.49
15.14
16.52
16.38
16.54
16.60
16.40
16.40
16.40
16.40
16.40
17.02
16.97
16.95
17.23
17.32
16.73
17.14
16.72
16.06
16.20
16.33
15.37
15.72
15.93
16.12
15.33
14.88
15.96
16.13
16.45
16.97
16.48
16.15
16.45
16.27
15.64
15.32
15.47
14.95
14.97
15.25
15.31
15.89
16.27
15.35
16.12
16.34
15.96
14.94
13.34
12.51
13.04
13.03
13.06
12.96
12.75
12.23
11.64
11.04
10.98
11.43
11.42
11.67
12.07
11.67
12.02
12.09
12.02
11.22
11.39
11.14
11.17
11.15
10.93
11.15
10.95
10.90
10.56
10.09
9.69
9.98
9.33
9.12
8.36
8.64
9.26
9.62
9.39
10.43
11.11
10.86
10.94
11.26
11.95
12.37
12.55
12.92
12.09
11.83
11.57
11.17
11.08
10.41
10.51
10.73
12.20
12.16
12.22
12.01
12.07
12.16
11.91
11.80
11.37
11.46
11.73
12.12
11.43
11.55
11.21
11.85
11.65
12.16
11.97
11.69
11.00
11.00
10.73
11.11
11.10
11.02
10.87
10.87
10.87
10.87
10.87
10.65
10.37
10.52
10.59
10.27
9.97
10.25
9.97
10.58
10.26
10.08
9.50
9.90
9.59
9.80
10.09
10.33
10.24
10.24
10.24
10.24
9.45
9.55
9.55
9.27
10.08
10.61
10.89
11.23
10.69
10.58
10.75
10.50
10.55
10.26
10.31
10.59
10.09
9.86
9.84
9.93
10.12
10.23
10.42
10.10
10.06
10.58
11.95
13.25
12.39
12.13
12.00
11.83
11.96
11.21
11.09
11.31
11.57
11.63
11.48
11.70
11.57
11.17
11.47
11.75
11.86
12.39
13.26
13.77
13.25
14.00
13.84
13.68
13.53
11.76
10.76
11.01
11.31
11.20
11.38
11.62
11.75
11.58
11.83
11.88
11.70
12.07
12.05
12.16
12.51
12.79
12.45
12.63
12.84
12.87
12.60
12.77
13.26
13.34
13.13
13.81
13.37
12.84
13.31
13.17
13.34
13.51
12.82
13.15
13.18
13.12
12.98
13.04
13.57
13.52
13.84
13.79
14.10
13.67
13.68
13.60
13.65
13.49
13.34
13.24
13.07
13.43
13.84
13.98
13.89
14.08
14.42
14.18
13.99
13.68
13.56
13.43
13.00
12.32
12.94
13.40
13.61
13.83
14.33
14.21
13.91
14.40
14.16
14.34
